0 1
1 1
2 1
3 2
4 2
5 2
6 2
7 2
8 2
9 2
10 3
11 3
12 4
13 4
14 4
15 4
16 4
17 5
18 5
19 7
20 7
21 8
22 8
23 8
24 9
25 9
26 12
27 12
28 15
29 15
30 16
31 17
32 17
33 21
34 21
35 27
36 27
37 31
38 32
39 33
40 38
41 38
42 48
43 48
44 58
45 59
46 64
47 70
48 71
49 86
50 86
51 106
52 107
53 122
54 129
55 135
56 156
57 157
58 192
59 193
60 228
61 236
62 257
63 285
64 292
65 348
66 350
67 420
68 429
69 485
70 521
71 549
72 633
73 642
74 768
75 779
76 905
77 950
78 1034
79 1154
80 1191
81 1401
82 1421
83 1673
84 1729
85 1939
86 2104
87 2225
88 2555
89 2612
90 3074
91 3150
92 3612
93 3833
94 4164
95 4659
96 4837
97 5629
98 5762
99 6686
100 6983
101 7776
102 8492
103 9001
104 10288
105 10599
106 12315
107 12745
108 14462
109 15475
110 16777
111 18780
112 19600
113 22603
114 23344
115 26777
116 28220
117 31239
118 34255
119 36377
120 41383
121 42944
122 49380
123 51564
124 58016
125 62475
126 67616
127 75638
128 79321
129 90763
130 94508
131 107396
132 114039
133 125632
134 138113
135 146937
136 166401
137 173829
138 198159
139 208547
140 233028
141 252152
142 272569
143 304514
144 320766
145 364560
146 382376
147 431187
148 460699
149 505597
150 556666
151 593335
152 669074
153 703142
154 795747
155 843075
156 936784
157 1017365
158 1098932
159 1225740
160 1296477
161 1464821
162 1546217
163 1732531
164 1860440
165 2035716
166 2243105
167 2395409
168 2690561
169 2842694
170 3197352
171 3406657
172 3768247
173 4103545
174 4431125
175 4933666
176 5238103
177 5887913
178 6249351
179 6965599
180 7510202
181 8199372
182 9037211
183 9669228
184 10821579
185 11487454
186 12853512
187 13759553
188 15164971
189 16547413
190 17868600
191 19858790
192 21156682
193 23675091
194 25247007
195 28018483
196 30306966
197 33033571
198 36406203
199 39025282
200 43533881
